{
 "cells": [
  {
   "cell_type": "code",
   "execution_count": 1,
   "metadata": {},
   "outputs": [],
   "source": [
    "import pandas as pd\n",
    "import numpy as np"
   ]
  },
  {
   "cell_type": "code",
   "execution_count": 2,
   "metadata": {},
   "outputs": [],
   "source": [
    "stocks = ['ADTB','ASPN','AXBK','BAJA','BJFN','BPCL','BRIT','BRTI','CIPL','COAL','HCLT','HDBK','HDFC','HLL','ICBK','INFY','ITC','JSTL','KTKM','LART','MRTI','PGRD','PIRA','PNBK','REDY','RELI','SAIL','SBI','TCS','WIPR']"
   ]
  },
  {
   "cell_type": "code",
   "execution_count": 4,
   "metadata": {},
   "outputs": [],
   "source": [
    "dt = [pd.read_csv('Historical/'+s+' Historical Data.csv',index_col = 'Date') for s in stocks]\n"
   ]
  },
  {
   "cell_type": "code",
   "execution_count": 5,
   "metadata": {},
   "outputs": [],
   "source": [
    "valid = '1234567890.' #valid characters for a float\n",
    "def sanitize(data):\n",
    "    return float(''.join(filter(lambda char: char in valid, data)))"
   ]
  },
  {
   "cell_type": "code",
   "execution_count": 6,
   "metadata": {},
   "outputs": [],
   "source": [
    "for d in dt:\n",
    "    d.index = pd.to_datetime(d.index)\n",
    "    d['Price'] = d['Price'].apply(str)\n",
    "    d['Price'] = d['Price'].apply(sanitize)\n",
    "#     d = d.iloc[::-1]"
   ]
  },
  {
   "cell_type": "code",
   "execution_count": 7,
   "metadata": {},
   "outputs": [],
   "source": [
    "for i in range(30):\n",
    "    dt[i] = dt[i].iloc[::-1]"
   ]
  },
  {
   "cell_type": "code",
   "execution_count": 8,
   "metadata": {},
   "outputs": [
    {
     "data": {
      "text/html": [
       "<div>\n",
       "<style scoped>\n",
       "    .dataframe tbody tr th:only-of-type {\n",
       "        vertical-align: middle;\n",
       "    }\n",
       "\n",
       "    .dataframe tbody tr th {\n",
       "        vertical-align: top;\n",
       "    }\n",
       "\n",
       "    .dataframe thead th {\n",
       "        text-align: right;\n",
       "    }\n",
       "</style>\n",
       "<table border=\"1\" class=\"dataframe\">\n",
       "  <thead>\n",
       "    <tr style=\"text-align: right;\">\n",
       "      <th></th>\n",
       "      <th>Price</th>\n",
       "      <th>Open</th>\n",
       "      <th>High</th>\n",
       "      <th>Low</th>\n",
       "      <th>Vol.</th>\n",
       "      <th>Change %</th>\n",
       "    </tr>\n",
       "    <tr>\n",
       "      <th>Date</th>\n",
       "      <th></th>\n",
       "      <th></th>\n",
       "      <th></th>\n",
       "      <th></th>\n",
       "      <th></th>\n",
       "      <th></th>\n",
       "    </tr>\n",
       "  </thead>\n",
       "  <tbody>\n",
       "    <tr>\n",
       "      <th>2017-09-04</th>\n",
       "      <td>225.65</td>\n",
       "      <td>225.65</td>\n",
       "      <td>225.65</td>\n",
       "      <td>225.65</td>\n",
       "      <td>309.92K</td>\n",
       "      <td>-4.99%</td>\n",
       "    </tr>\n",
       "    <tr>\n",
       "      <th>2017-09-05</th>\n",
       "      <td>214.40</td>\n",
       "      <td>214.40</td>\n",
       "      <td>214.40</td>\n",
       "      <td>214.40</td>\n",
       "      <td>192.38K</td>\n",
       "      <td>-4.99%</td>\n",
       "    </tr>\n",
       "    <tr>\n",
       "      <th>2017-09-06</th>\n",
       "      <td>203.70</td>\n",
       "      <td>203.70</td>\n",
       "      <td>203.70</td>\n",
       "      <td>203.70</td>\n",
       "      <td>267.16K</td>\n",
       "      <td>-4.99%</td>\n",
       "    </tr>\n",
       "    <tr>\n",
       "      <th>2017-09-07</th>\n",
       "      <td>206.95</td>\n",
       "      <td>193.55</td>\n",
       "      <td>213.85</td>\n",
       "      <td>193.55</td>\n",
       "      <td>34.24M</td>\n",
       "      <td>1.60%</td>\n",
       "    </tr>\n",
       "    <tr>\n",
       "      <th>2017-09-08</th>\n",
       "      <td>201.25</td>\n",
       "      <td>201.00</td>\n",
       "      <td>205.10</td>\n",
       "      <td>198.40</td>\n",
       "      <td>5.41M</td>\n",
       "      <td>-2.75%</td>\n",
       "    </tr>\n",
       "    <tr>\n",
       "      <th>...</th>\n",
       "      <td>...</td>\n",
       "      <td>...</td>\n",
       "      <td>...</td>\n",
       "      <td>...</td>\n",
       "      <td>...</td>\n",
       "      <td>...</td>\n",
       "    </tr>\n",
       "    <tr>\n",
       "      <th>2021-04-16</th>\n",
       "      <td>120.10</td>\n",
       "      <td>119.05</td>\n",
       "      <td>121.95</td>\n",
       "      <td>117.60</td>\n",
       "      <td>3.86M</td>\n",
       "      <td>0.38%</td>\n",
       "    </tr>\n",
       "    <tr>\n",
       "      <th>2021-04-19</th>\n",
       "      <td>115.55</td>\n",
       "      <td>116.00</td>\n",
       "      <td>116.80</td>\n",
       "      <td>113.30</td>\n",
       "      <td>2.85M</td>\n",
       "      <td>-3.79%</td>\n",
       "    </tr>\n",
       "    <tr>\n",
       "      <th>2021-04-20</th>\n",
       "      <td>117.30</td>\n",
       "      <td>118.00</td>\n",
       "      <td>120.60</td>\n",
       "      <td>116.00</td>\n",
       "      <td>3.70M</td>\n",
       "      <td>1.51%</td>\n",
       "    </tr>\n",
       "    <tr>\n",
       "      <th>2021-04-22</th>\n",
       "      <td>117.25</td>\n",
       "      <td>116.00</td>\n",
       "      <td>118.35</td>\n",
       "      <td>115.00</td>\n",
       "      <td>1.97M</td>\n",
       "      <td>-0.04%</td>\n",
       "    </tr>\n",
       "    <tr>\n",
       "      <th>2021-04-23</th>\n",
       "      <td>116.10</td>\n",
       "      <td>116.55</td>\n",
       "      <td>119.00</td>\n",
       "      <td>115.35</td>\n",
       "      <td>1.61M</td>\n",
       "      <td>-0.98%</td>\n",
       "    </tr>\n",
       "  </tbody>\n",
       "</table>\n",
       "<p>900 rows × 6 columns</p>\n",
       "</div>"
      ],
      "text/plain": [
       "             Price    Open    High     Low     Vol. Change %\n",
       "Date                                                        \n",
       "2017-09-04  225.65  225.65  225.65  225.65  309.92K   -4.99%\n",
       "2017-09-05  214.40  214.40  214.40  214.40  192.38K   -4.99%\n",
       "2017-09-06  203.70  203.70  203.70  203.70  267.16K   -4.99%\n",
       "2017-09-07  206.95  193.55  213.85  193.55   34.24M    1.60%\n",
       "2017-09-08  201.25  201.00  205.10  198.40    5.41M   -2.75%\n",
       "...            ...     ...     ...     ...      ...      ...\n",
       "2021-04-16  120.10  119.05  121.95  117.60    3.86M    0.38%\n",
       "2021-04-19  115.55  116.00  116.80  113.30    2.85M   -3.79%\n",
       "2021-04-20  117.30  118.00  120.60  116.00    3.70M    1.51%\n",
       "2021-04-22  117.25  116.00  118.35  115.00    1.97M   -0.04%\n",
       "2021-04-23  116.10  116.55  119.00  115.35    1.61M   -0.98%\n",
       "\n",
       "[900 rows x 6 columns]"
      ]
     },
     "execution_count": 8,
     "metadata": {},
     "output_type": "execute_result"
    }
   ],
   "source": [
    "dt[0]"
   ]
  },
  {
   "cell_type": "code",
   "execution_count": 9,
   "metadata": {},
   "outputs": [
    {
     "name": "stderr",
     "output_type": "stream",
     "text": [
      "<ipython-input-9-6462f0c44dce>:2: SettingWithCopyWarning: \n",
      "A value is trying to be set on a copy of a slice from a DataFrame.\n",
      "Try using .loc[row_indexer,col_indexer] = value instead\n",
      "\n",
      "See the caveats in the documentation: https://pandas.pydata.org/pandas-docs/stable/user_guide/indexing.html#returning-a-view-versus-a-copy\n",
      "  dt[i]['log return'] = np.log(dt[i]['Price']/dt[i]['Price'].shift(1))\n"
     ]
    }
   ],
   "source": [
    "for i in range(30):\n",
    "    dt[i]['log return'] = np.log(dt[i]['Price']/dt[i]['Price'].shift(1))"
   ]
  },
  {
   "cell_type": "code",
   "execution_count": 13,
   "metadata": {},
   "outputs": [],
   "source": [
    "mean_log_ret = np.zeros((30,1))\n",
    "cov_log_ret = np.zeros((30,30))"
   ]
  },
  {
   "cell_type": "code",
   "execution_count": 15,
   "metadata": {},
   "outputs": [
    {
     "data": {
      "text/plain": [
       "Date\n",
       "2017-09-05   -0.051142\n",
       "2017-09-06   -0.051195\n",
       "2017-09-07    0.015829\n",
       "2017-09-08   -0.027929\n",
       "2017-09-11   -0.037463\n",
       "                ...   \n",
       "2020-01-30   -0.015865\n",
       "2020-01-31   -0.008532\n",
       "2020-02-01   -0.042735\n",
       "2020-02-03   -0.031528\n",
       "2020-02-04    0.031002\n",
       "Name: log return, Length: 599, dtype: float64"
      ]
     },
     "execution_count": 15,
     "metadata": {},
     "output_type": "execute_result"
    }
   ],
   "source": [
    "dt[0]['log return'][1:-300]"
   ]
  },
  {
   "cell_type": "code",
   "execution_count": 16,
   "metadata": {},
   "outputs": [
    {
     "name": "stdout",
     "output_type": "stream",
     "text": [
      "599\n",
      "707\n",
      "707\n",
      "707\n",
      "707\n",
      "707\n",
      "707\n",
      "707\n",
      "707\n",
      "707\n",
      "707\n",
      "707\n",
      "707\n",
      "707\n",
      "707\n",
      "707\n",
      "707\n",
      "707\n",
      "707\n",
      "707\n",
      "707\n",
      "708\n",
      "707\n",
      "707\n",
      "707\n",
      "707\n",
      "707\n",
      "708\n",
      "707\n",
      "707\n"
     ]
    }
   ],
   "source": [
    "for i in range(30):\n",
    "    print(len(dt[i][1:-300]))"
   ]
  },
  {
   "cell_type": "code",
   "execution_count": 17,
   "metadata": {},
   "outputs": [],
   "source": [
    "df = dt[0]"
   ]
  },
  {
   "cell_type": "code",
   "execution_count": 18,
   "metadata": {},
   "outputs": [],
   "source": [
    "for i in range(30):\n",
    "    df['log return' + str(i)] = dt[i]['log return']"
   ]
  },
  {
   "cell_type": "code",
   "execution_count": 19,
   "metadata": {},
   "outputs": [],
   "source": [
    "df = df.dropna()"
   ]
  },
  {
   "cell_type": "code",
   "execution_count": 20,
   "metadata": {},
   "outputs": [],
   "source": [
    "df = df.drop(columns = ['Price','Open','High','Low','Vol.','Change %','log return'])"
   ]
  },
  {
   "cell_type": "code",
   "execution_count": 21,
   "metadata": {},
   "outputs": [
    {
     "data": {
      "text/html": [
       "<div>\n",
       "<style scoped>\n",
       "    .dataframe tbody tr th:only-of-type {\n",
       "        vertical-align: middle;\n",
       "    }\n",
       "\n",
       "    .dataframe tbody tr th {\n",
       "        vertical-align: top;\n",
       "    }\n",
       "\n",
       "    .dataframe thead th {\n",
       "        text-align: right;\n",
       "    }\n",
       "</style>\n",
       "<table border=\"1\" class=\"dataframe\">\n",
       "  <thead>\n",
       "    <tr style=\"text-align: right;\">\n",
       "      <th></th>\n",
       "      <th>log return0</th>\n",
       "      <th>log return1</th>\n",
       "      <th>log return2</th>\n",
       "      <th>log return3</th>\n",
       "      <th>log return4</th>\n",
       "      <th>log return5</th>\n",
       "      <th>log return6</th>\n",
       "      <th>log return7</th>\n",
       "      <th>log return8</th>\n",
       "      <th>log return9</th>\n",
       "      <th>...</th>\n",
       "      <th>log return20</th>\n",
       "      <th>log return21</th>\n",
       "      <th>log return22</th>\n",
       "      <th>log return23</th>\n",
       "      <th>log return24</th>\n",
       "      <th>log return25</th>\n",
       "      <th>log return26</th>\n",
       "      <th>log return27</th>\n",
       "      <th>log return28</th>\n",
       "      <th>log return29</th>\n",
       "    </tr>\n",
       "    <tr>\n",
       "      <th>Date</th>\n",
       "      <th></th>\n",
       "      <th></th>\n",
       "      <th></th>\n",
       "      <th></th>\n",
       "      <th></th>\n",
       "      <th></th>\n",
       "      <th></th>\n",
       "      <th></th>\n",
       "      <th></th>\n",
       "      <th></th>\n",
       "      <th></th>\n",
       "      <th></th>\n",
       "      <th></th>\n",
       "      <th></th>\n",
       "      <th></th>\n",
       "      <th></th>\n",
       "      <th></th>\n",
       "      <th></th>\n",
       "      <th></th>\n",
       "      <th></th>\n",
       "      <th></th>\n",
       "    </tr>\n",
       "  </thead>\n",
       "  <tbody>\n",
       "    <tr>\n",
       "      <th>2017-09-05</th>\n",
       "      <td>-0.051142</td>\n",
       "      <td>0.007739</td>\n",
       "      <td>0.003283</td>\n",
       "      <td>0.012121</td>\n",
       "      <td>-0.003866</td>\n",
       "      <td>0.015135</td>\n",
       "      <td>0.009660</td>\n",
       "      <td>-0.024062</td>\n",
       "      <td>-0.003746</td>\n",
       "      <td>0.029382</td>\n",
       "      <td>...</td>\n",
       "      <td>-0.000550</td>\n",
       "      <td>-0.006455</td>\n",
       "      <td>0.002433</td>\n",
       "      <td>0.006638</td>\n",
       "      <td>0.006380</td>\n",
       "      <td>0.011855</td>\n",
       "      <td>0.000000</td>\n",
       "      <td>-0.004330</td>\n",
       "      <td>0.011396</td>\n",
       "      <td>-0.000135</td>\n",
       "    </tr>\n",
       "    <tr>\n",
       "      <th>2017-09-06</th>\n",
       "      <td>-0.051195</td>\n",
       "      <td>-0.000249</td>\n",
       "      <td>-0.021180</td>\n",
       "      <td>-0.010270</td>\n",
       "      <td>0.035341</td>\n",
       "      <td>-0.008099</td>\n",
       "      <td>-0.002995</td>\n",
       "      <td>-0.009881</td>\n",
       "      <td>-0.002326</td>\n",
       "      <td>0.007652</td>\n",
       "      <td>...</td>\n",
       "      <td>0.003760</td>\n",
       "      <td>-0.008827</td>\n",
       "      <td>0.001315</td>\n",
       "      <td>-0.032558</td>\n",
       "      <td>-0.005561</td>\n",
       "      <td>0.007810</td>\n",
       "      <td>-0.004021</td>\n",
       "      <td>-0.008352</td>\n",
       "      <td>-0.012617</td>\n",
       "      <td>-0.000179</td>\n",
       "    </tr>\n",
       "    <tr>\n",
       "      <th>2017-09-07</th>\n",
       "      <td>0.015829</td>\n",
       "      <td>-0.006155</td>\n",
       "      <td>0.007580</td>\n",
       "      <td>0.015257</td>\n",
       "      <td>0.054564</td>\n",
       "      <td>-0.020397</td>\n",
       "      <td>0.003112</td>\n",
       "      <td>-0.013018</td>\n",
       "      <td>-0.007371</td>\n",
       "      <td>-0.009821</td>\n",
       "      <td>...</td>\n",
       "      <td>0.009204</td>\n",
       "      <td>0.007438</td>\n",
       "      <td>0.000108</td>\n",
       "      <td>-0.000360</td>\n",
       "      <td>0.012687</td>\n",
       "      <td>-0.005599</td>\n",
       "      <td>0.010421</td>\n",
       "      <td>-0.000182</td>\n",
       "      <td>0.002815</td>\n",
       "      <td>0.005860</td>\n",
       "    </tr>\n",
       "    <tr>\n",
       "      <th>2017-09-08</th>\n",
       "      <td>-0.027929</td>\n",
       "      <td>0.004412</td>\n",
       "      <td>-0.005249</td>\n",
       "      <td>-0.017005</td>\n",
       "      <td>-0.037364</td>\n",
       "      <td>-0.020725</td>\n",
       "      <td>0.006349</td>\n",
       "      <td>0.015505</td>\n",
       "      <td>-0.003978</td>\n",
       "      <td>0.006689</td>\n",
       "      <td>...</td>\n",
       "      <td>0.006488</td>\n",
       "      <td>-0.013054</td>\n",
       "      <td>-0.001997</td>\n",
       "      <td>-0.007948</td>\n",
       "      <td>-0.028469</td>\n",
       "      <td>-0.001469</td>\n",
       "      <td>0.006359</td>\n",
       "      <td>-0.008791</td>\n",
       "      <td>0.004253</td>\n",
       "      <td>0.005205</td>\n",
       "    </tr>\n",
       "    <tr>\n",
       "      <th>2017-09-11</th>\n",
       "      <td>-0.037463</td>\n",
       "      <td>0.027930</td>\n",
       "      <td>-0.000202</td>\n",
       "      <td>0.004842</td>\n",
       "      <td>0.015348</td>\n",
       "      <td>-0.002145</td>\n",
       "      <td>0.002111</td>\n",
       "      <td>-0.001378</td>\n",
       "      <td>0.003346</td>\n",
       "      <td>0.008007</td>\n",
       "      <td>...</td>\n",
       "      <td>0.021306</td>\n",
       "      <td>0.011663</td>\n",
       "      <td>-0.002285</td>\n",
       "      <td>0.002174</td>\n",
       "      <td>-0.001388</td>\n",
       "      <td>0.001223</td>\n",
       "      <td>-0.000793</td>\n",
       "      <td>-0.003132</td>\n",
       "      <td>-0.006552</td>\n",
       "      <td>0.002127</td>\n",
       "    </tr>\n",
       "    <tr>\n",
       "      <th>...</th>\n",
       "      <td>...</td>\n",
       "      <td>...</td>\n",
       "      <td>...</td>\n",
       "      <td>...</td>\n",
       "      <td>...</td>\n",
       "      <td>...</td>\n",
       "      <td>...</td>\n",
       "      <td>...</td>\n",
       "      <td>...</td>\n",
       "      <td>...</td>\n",
       "      <td>...</td>\n",
       "      <td>...</td>\n",
       "      <td>...</td>\n",
       "      <td>...</td>\n",
       "      <td>...</td>\n",
       "      <td>...</td>\n",
       "      <td>...</td>\n",
       "      <td>...</td>\n",
       "      <td>...</td>\n",
       "      <td>...</td>\n",
       "      <td>...</td>\n",
       "    </tr>\n",
       "    <tr>\n",
       "      <th>2021-04-16</th>\n",
       "      <td>0.003754</td>\n",
       "      <td>0.028947</td>\n",
       "      <td>0.000523</td>\n",
       "      <td>0.010274</td>\n",
       "      <td>-0.009421</td>\n",
       "      <td>0.021866</td>\n",
       "      <td>0.001029</td>\n",
       "      <td>0.002592</td>\n",
       "      <td>0.025754</td>\n",
       "      <td>-0.003124</td>\n",
       "      <td>...</td>\n",
       "      <td>0.000579</td>\n",
       "      <td>0.009817</td>\n",
       "      <td>0.002066</td>\n",
       "      <td>0.001438</td>\n",
       "      <td>0.009796</td>\n",
       "      <td>-0.006295</td>\n",
       "      <td>-0.013015</td>\n",
       "      <td>-0.008204</td>\n",
       "      <td>-0.007421</td>\n",
       "      <td>0.085617</td>\n",
       "    </tr>\n",
       "    <tr>\n",
       "      <th>2021-04-19</th>\n",
       "      <td>-0.038621</td>\n",
       "      <td>-0.035071</td>\n",
       "      <td>-0.031961</td>\n",
       "      <td>-0.033317</td>\n",
       "      <td>-0.030125</td>\n",
       "      <td>-0.012279</td>\n",
       "      <td>0.012448</td>\n",
       "      <td>-0.026801</td>\n",
       "      <td>0.008756</td>\n",
       "      <td>-0.025749</td>\n",
       "      <td>...</td>\n",
       "      <td>-0.020723</td>\n",
       "      <td>-0.042094</td>\n",
       "      <td>-0.033730</td>\n",
       "      <td>-0.048575</td>\n",
       "      <td>0.015181</td>\n",
       "      <td>-0.015859</td>\n",
       "      <td>-0.027111</td>\n",
       "      <td>-0.026080</td>\n",
       "      <td>-0.010493</td>\n",
       "      <td>0.007538</td>\n",
       "    </tr>\n",
       "    <tr>\n",
       "      <th>2021-04-20</th>\n",
       "      <td>0.015031</td>\n",
       "      <td>-0.007121</td>\n",
       "      <td>0.005539</td>\n",
       "      <td>0.023988</td>\n",
       "      <td>0.029486</td>\n",
       "      <td>-0.001591</td>\n",
       "      <td>-0.003453</td>\n",
       "      <td>0.007098</td>\n",
       "      <td>0.003165</td>\n",
       "      <td>-0.000803</td>\n",
       "      <td>...</td>\n",
       "      <td>0.020505</td>\n",
       "      <td>0.012349</td>\n",
       "      <td>0.024355</td>\n",
       "      <td>0.016455</td>\n",
       "      <td>0.037269</td>\n",
       "      <td>-0.000289</td>\n",
       "      <td>-0.001684</td>\n",
       "      <td>-0.004995</td>\n",
       "      <td>-0.005471</td>\n",
       "      <td>-0.005621</td>\n",
       "    </tr>\n",
       "    <tr>\n",
       "      <th>2021-04-22</th>\n",
       "      <td>-0.000426</td>\n",
       "      <td>-0.016743</td>\n",
       "      <td>0.010607</td>\n",
       "      <td>0.022109</td>\n",
       "      <td>0.016136</td>\n",
       "      <td>0.024806</td>\n",
       "      <td>0.005908</td>\n",
       "      <td>0.001225</td>\n",
       "      <td>-0.005228</td>\n",
       "      <td>0.004408</td>\n",
       "      <td>...</td>\n",
       "      <td>0.000519</td>\n",
       "      <td>-0.001228</td>\n",
       "      <td>-0.028241</td>\n",
       "      <td>0.005917</td>\n",
       "      <td>0.008323</td>\n",
       "      <td>0.002758</td>\n",
       "      <td>0.055190</td>\n",
       "      <td>0.021467</td>\n",
       "      <td>-0.008222</td>\n",
       "      <td>0.034600</td>\n",
       "    </tr>\n",
       "    <tr>\n",
       "      <th>2021-04-23</th>\n",
       "      <td>-0.009857</td>\n",
       "      <td>0.002664</td>\n",
       "      <td>0.019022</td>\n",
       "      <td>-0.002420</td>\n",
       "      <td>-0.004467</td>\n",
       "      <td>0.011172</td>\n",
       "      <td>-0.027480</td>\n",
       "      <td>-0.015663</td>\n",
       "      <td>-0.009309</td>\n",
       "      <td>0.008758</td>\n",
       "      <td>...</td>\n",
       "      <td>0.003902</td>\n",
       "      <td>0.037149</td>\n",
       "      <td>-0.005630</td>\n",
       "      <td>0.002946</td>\n",
       "      <td>-0.025940</td>\n",
       "      <td>-0.001076</td>\n",
       "      <td>-0.010152</td>\n",
       "      <td>-0.000594</td>\n",
       "      <td>-0.002986</td>\n",
       "      <td>-0.022758</td>\n",
       "    </tr>\n",
       "  </tbody>\n",
       "</table>\n",
       "<p>898 rows × 30 columns</p>\n",
       "</div>"
      ],
      "text/plain": [
       "            log return0  log return1  log return2  log return3  log return4  \\\n",
       "Date                                                                          \n",
       "2017-09-05    -0.051142     0.007739     0.003283     0.012121    -0.003866   \n",
       "2017-09-06    -0.051195    -0.000249    -0.021180    -0.010270     0.035341   \n",
       "2017-09-07     0.015829    -0.006155     0.007580     0.015257     0.054564   \n",
       "2017-09-08    -0.027929     0.004412    -0.005249    -0.017005    -0.037364   \n",
       "2017-09-11    -0.037463     0.027930    -0.000202     0.004842     0.015348   \n",
       "...                 ...          ...          ...          ...          ...   \n",
       "2021-04-16     0.003754     0.028947     0.000523     0.010274    -0.009421   \n",
       "2021-04-19    -0.038621    -0.035071    -0.031961    -0.033317    -0.030125   \n",
       "2021-04-20     0.015031    -0.007121     0.005539     0.023988     0.029486   \n",
       "2021-04-22    -0.000426    -0.016743     0.010607     0.022109     0.016136   \n",
       "2021-04-23    -0.009857     0.002664     0.019022    -0.002420    -0.004467   \n",
       "\n",
       "            log return5  log return6  log return7  log return8  log return9  \\\n",
       "Date                                                                          \n",
       "2017-09-05     0.015135     0.009660    -0.024062    -0.003746     0.029382   \n",
       "2017-09-06    -0.008099    -0.002995    -0.009881    -0.002326     0.007652   \n",
       "2017-09-07    -0.020397     0.003112    -0.013018    -0.007371    -0.009821   \n",
       "2017-09-08    -0.020725     0.006349     0.015505    -0.003978     0.006689   \n",
       "2017-09-11    -0.002145     0.002111    -0.001378     0.003346     0.008007   \n",
       "...                 ...          ...          ...          ...          ...   \n",
       "2021-04-16     0.021866     0.001029     0.002592     0.025754    -0.003124   \n",
       "2021-04-19    -0.012279     0.012448    -0.026801     0.008756    -0.025749   \n",
       "2021-04-20    -0.001591    -0.003453     0.007098     0.003165    -0.000803   \n",
       "2021-04-22     0.024806     0.005908     0.001225    -0.005228     0.004408   \n",
       "2021-04-23     0.011172    -0.027480    -0.015663    -0.009309     0.008758   \n",
       "\n",
       "            ...  log return20  log return21  log return22  log return23  \\\n",
       "Date        ...                                                           \n",
       "2017-09-05  ...     -0.000550     -0.006455      0.002433      0.006638   \n",
       "2017-09-06  ...      0.003760     -0.008827      0.001315     -0.032558   \n",
       "2017-09-07  ...      0.009204      0.007438      0.000108     -0.000360   \n",
       "2017-09-08  ...      0.006488     -0.013054     -0.001997     -0.007948   \n",
       "2017-09-11  ...      0.021306      0.011663     -0.002285      0.002174   \n",
       "...         ...           ...           ...           ...           ...   \n",
       "2021-04-16  ...      0.000579      0.009817      0.002066      0.001438   \n",
       "2021-04-19  ...     -0.020723     -0.042094     -0.033730     -0.048575   \n",
       "2021-04-20  ...      0.020505      0.012349      0.024355      0.016455   \n",
       "2021-04-22  ...      0.000519     -0.001228     -0.028241      0.005917   \n",
       "2021-04-23  ...      0.003902      0.037149     -0.005630      0.002946   \n",
       "\n",
       "            log return24  log return25  log return26  log return27  \\\n",
       "Date                                                                 \n",
       "2017-09-05      0.006380      0.011855      0.000000     -0.004330   \n",
       "2017-09-06     -0.005561      0.007810     -0.004021     -0.008352   \n",
       "2017-09-07      0.012687     -0.005599      0.010421     -0.000182   \n",
       "2017-09-08     -0.028469     -0.001469      0.006359     -0.008791   \n",
       "2017-09-11     -0.001388      0.001223     -0.000793     -0.003132   \n",
       "...                  ...           ...           ...           ...   \n",
       "2021-04-16      0.009796     -0.006295     -0.013015     -0.008204   \n",
       "2021-04-19      0.015181     -0.015859     -0.027111     -0.026080   \n",
       "2021-04-20      0.037269     -0.000289     -0.001684     -0.004995   \n",
       "2021-04-22      0.008323      0.002758      0.055190      0.021467   \n",
       "2021-04-23     -0.025940     -0.001076     -0.010152     -0.000594   \n",
       "\n",
       "            log return28  log return29  \n",
       "Date                                    \n",
       "2017-09-05      0.011396     -0.000135  \n",
       "2017-09-06     -0.012617     -0.000179  \n",
       "2017-09-07      0.002815      0.005860  \n",
       "2017-09-08      0.004253      0.005205  \n",
       "2017-09-11     -0.006552      0.002127  \n",
       "...                  ...           ...  \n",
       "2021-04-16     -0.007421      0.085617  \n",
       "2021-04-19     -0.010493      0.007538  \n",
       "2021-04-20     -0.005471     -0.005621  \n",
       "2021-04-22     -0.008222      0.034600  \n",
       "2021-04-23     -0.002986     -0.022758  \n",
       "\n",
       "[898 rows x 30 columns]"
      ]
     },
     "execution_count": 21,
     "metadata": {},
     "output_type": "execute_result"
    }
   ],
   "source": [
    "df"
   ]
  },
  {
   "cell_type": "code",
   "execution_count": 23,
   "metadata": {},
   "outputs": [],
   "source": [
    "df.to_csv('log_returns_full.csv')"
   ]
  },
  {
   "cell_type": "code",
   "execution_count": 24,
   "metadata": {},
   "outputs": [],
   "source": [
    "for i in range(30):\n",
    "    mean_log_ret[i] = dt[i]['log return'][1:-300].mean()"
   ]
  },
  {
   "cell_type": "code",
   "execution_count": 25,
   "metadata": {},
   "outputs": [],
   "source": [
    "for i in range(30):\n",
    "    for j in range(30):\n",
    "        cov_log_ret[i][j] = np.cov(df['log return'+str(i)][:-300],df['log return'+str(j)][:-300])[0,1]"
   ]
  },
  {
   "cell_type": "code",
   "execution_count": 26,
   "metadata": {},
   "outputs": [
    {
     "data": {
      "text/plain": [
       "array([[ 4.70131272e-04,  5.43194532e-05,  1.06008607e-04,\n",
       "         6.01806887e-05,  1.28329037e-04,  7.52663656e-05,\n",
       "         4.91686542e-05,  1.03624627e-04,  7.52434701e-05,\n",
       "         6.02197354e-05,  9.63308469e-06,  5.20100370e-05,\n",
       "         8.34944521e-05,  1.90518696e-05,  1.05273455e-04,\n",
       "         3.53828789e-06,  5.21166436e-05,  1.46196087e-04,\n",
       "         5.66835404e-05,  1.00777562e-04,  8.86341862e-05,\n",
       "         5.29137272e-05,  2.18990748e-04,  1.99413927e-04,\n",
       "         7.98682652e-05,  7.75078989e-05,  2.27760422e-04,\n",
       "         1.64817018e-04,  8.24115159e-06,  1.52336166e-05],\n",
       "       [ 5.43194532e-05,  1.98540947e-04,  7.63320493e-05,\n",
       "         6.22213425e-05,  9.49111083e-05,  1.11006556e-04,\n",
       "         7.02626528e-05,  6.84012996e-05,  2.82694829e-05,\n",
       "         3.59768455e-05,  9.44358273e-06,  5.51912745e-05,\n",
       "         7.05451787e-05,  6.68912158e-05,  6.54438058e-05,\n",
       "         5.77132410e-06,  4.77330970e-05,  9.12851976e-05,\n",
       "         7.74161095e-05,  7.80370853e-05,  9.74787306e-05,\n",
       "         1.99085243e-05,  6.29095797e-05,  6.95919242e-05,\n",
       "         2.00518719e-05,  6.37713128e-05,  9.67466083e-05,\n",
       "         7.14665497e-05, -3.30634281e-07,  7.12726556e-07],\n",
       "       [ 1.06008607e-04,  7.63320493e-05,  3.19896372e-04,\n",
       "         6.54619798e-05,  1.23945588e-04,  1.15460866e-04,\n",
       "         6.00306962e-05,  7.98319226e-05,  5.92334268e-05,\n",
       "         4.35798285e-05,  1.18079193e-06,  4.90929904e-05,\n",
       "         8.86807079e-05,  4.12668647e-05,  1.89300781e-04,\n",
       "         5.65719328e-06,  6.86410129e-05,  1.22629870e-04,\n",
       "         6.20042023e-05,  1.16976632e-04,  1.16079796e-04,\n",
       "         2.56850833e-05,  1.32034119e-04,  2.15391352e-04,\n",
       "         1.89751608e-05,  7.18760140e-05,  1.80470749e-04,\n",
       "         1.93547299e-04, -6.35172869e-06, -1.34893703e-06],\n",
       "       [ 6.01806887e-05,  6.22213425e-05,  6.54619798e-05,\n",
       "         2.17744622e-04,  8.18768887e-05,  9.00183681e-05,\n",
       "         5.64106530e-05,  6.30644892e-05,  4.16207602e-05,\n",
       "         4.91573412e-05, -3.77198770e-06,  4.66711717e-05,\n",
       "         6.07388249e-05,  5.27937836e-05,  6.07863283e-05,\n",
       "        -2.64610730e-06,  3.14906854e-05,  9.74453973e-05,\n",
       "         5.71357781e-05,  7.01998343e-05,  1.05992921e-04,\n",
       "         2.36424761e-05,  9.59618050e-05,  8.34533345e-05,\n",
       "         4.65702620e-05,  6.59975345e-05,  9.80987358e-05,\n",
       "         7.37812710e-05,  3.51528616e-06,  2.15058689e-05],\n",
       "       [ 1.28329037e-04,  9.49111083e-05,  1.23945588e-04,\n",
       "         8.18768887e-05,  4.28146643e-04,  1.61779430e-04,\n",
       "         9.33804549e-05,  8.68946455e-05,  6.29306977e-05,\n",
       "         6.87938486e-05,  8.97265155e-06,  9.50369222e-05,\n",
       "         1.22921139e-04,  7.00494575e-05,  1.10106085e-04,\n",
       "         1.48768657e-05,  7.00776654e-05,  1.51513800e-04,\n",
       "         1.22320199e-04,  1.15418311e-04,  1.38848920e-04,\n",
       "         2.12325609e-05,  1.98390979e-04,  1.51261831e-04,\n",
       "         5.54077860e-05,  8.62808488e-05,  2.05741286e-04,\n",
       "         1.35452259e-04, -1.19991470e-05,  1.75336587e-05],\n",
       "       [ 7.52663656e-05,  1.11006556e-04,  1.15460866e-04,\n",
       "         9.00183681e-05,  1.61779430e-04,  6.10961656e-04,\n",
       "         4.65496330e-05,  9.57903472e-05,  4.72772848e-05,\n",
       "         1.14512825e-04, -7.50683724e-06,  6.40766726e-05,\n",
       "         1.03655658e-04,  4.17667741e-05,  1.33482171e-04,\n",
       "        -2.98717111e-05,  9.25633912e-05,  1.46461982e-04,\n",
       "         6.88473232e-05,  1.05973602e-04,  1.26709637e-04,\n",
       "         5.66515092e-05,  1.40353877e-04,  1.70769408e-04,\n",
       "         2.35317331e-05,  1.16914639e-04,  2.06704124e-04,\n",
       "         1.45832691e-04, -3.18529142e-05,  5.81090452e-06],\n",
       "       [ 4.91686542e-05,  7.02626528e-05,  6.00306962e-05,\n",
       "         5.64106530e-05,  9.33804549e-05,  4.65496330e-05,\n",
       "         2.03682442e-04,  3.07776925e-05,  3.55045347e-05,\n",
       "         3.50541925e-05,  8.23186360e-06,  4.90057092e-05,\n",
       "         5.85292099e-05,  7.30906713e-05,  6.11080752e-05,\n",
       "         7.84796359e-06,  3.77625288e-05,  6.28008607e-05,\n",
       "         6.22503269e-05,  7.24217696e-05,  8.41410583e-05,\n",
       "         8.92233935e-06,  9.00306089e-05,  7.61076274e-05,\n",
       "         2.82068714e-05,  5.03807349e-05,  9.24793497e-05,\n",
       "         8.50581359e-05,  7.74316708e-06,  2.11445410e-05],\n",
       "       [ 1.03624627e-04,  6.84012996e-05,  7.98319226e-05,\n",
       "         6.30644892e-05,  8.68946455e-05,  9.57903472e-05,\n",
       "         3.07776925e-05,  4.81148232e-04,  6.03260860e-05,\n",
       "         4.30395194e-05,  2.61492125e-05,  4.15791861e-05,\n",
       "         6.47056183e-05,  4.95474523e-05,  8.89847773e-05,\n",
       "         2.37275612e-05,  4.80159684e-05,  1.08630304e-04,\n",
       "         3.47469350e-05,  8.09724333e-05,  8.71028939e-05,\n",
       "         4.56496383e-05,  1.00987994e-04,  1.54891254e-04,\n",
       "         2.34090905e-05,  9.17807162e-05,  1.57561448e-04,\n",
       "         1.30521620e-04, -6.95134184e-06,  8.63232586e-06],\n",
       "       [ 7.52434701e-05,  2.82694829e-05,  5.92334268e-05,\n",
       "         4.16207602e-05,  6.29306977e-05,  4.72772848e-05,\n",
       "         3.55045347e-05,  6.03260860e-05,  2.42146588e-04,\n",
       "         3.98651621e-05,  1.85303873e-05,  2.24009469e-05,\n",
       "         4.19284268e-05,  2.50425241e-05,  5.87024422e-05,\n",
       "         2.30307811e-05,  3.91925665e-05,  8.23515737e-05,\n",
       "         3.31694162e-05,  4.81756723e-05,  5.59449494e-05,\n",
       "         2.77850978e-05,  8.25688097e-05,  1.04292044e-04,\n",
       "         7.62450346e-05,  4.07795843e-05,  1.19167333e-04,\n",
       "         8.11930193e-05,  2.23352609e-05,  2.60624485e-05],\n",
       "       [ 6.02197354e-05,  3.59768455e-05,  4.35798285e-05,\n",
       "         4.91573412e-05,  6.87938486e-05,  1.14512825e-04,\n",
       "         3.50541925e-05,  4.30395194e-05,  3.98651621e-05,\n",
       "         2.87681080e-04,  1.78928656e-05,  2.70078872e-05,\n",
       "         3.05060471e-05,  1.60069835e-05,  5.68809828e-05,\n",
       "        -2.95897466e-06,  3.40851776e-05,  1.03315436e-04,\n",
       "         2.85498295e-05,  6.07615669e-05,  8.40747892e-05,\n",
       "         4.32903258e-05,  6.99881000e-05,  1.20245655e-04,\n",
       "         2.21565905e-05,  5.67322268e-05,  1.55979564e-04,\n",
       "         7.57016714e-05, -4.99662543e-06,  2.40254186e-05],\n",
       "       [ 9.63308469e-06,  9.44358273e-06,  1.18079193e-06,\n",
       "        -3.77198770e-06,  8.97265155e-06, -7.50683724e-06,\n",
       "         8.23186360e-06,  2.61492125e-05,  1.85303873e-05,\n",
       "         1.78928656e-05,  2.38639544e-04,  7.59578942e-06,\n",
       "         1.60588878e-05,  2.19262246e-05, -4.16332740e-06,\n",
       "         1.02177033e-04,  2.00882591e-05,  2.88934400e-05,\n",
       "        -2.13934371e-06,  5.08910156e-06,  2.49590001e-06,\n",
       "         1.40765224e-05,  1.85499249e-05, -1.28569473e-06,\n",
       "         1.19023457e-05,  2.75815979e-05, -1.39646269e-05,\n",
       "         4.96168609e-06,  1.06915287e-04,  6.10617329e-05],\n",
       "       [ 5.20100370e-05,  5.51912745e-05,  4.90929904e-05,\n",
       "         4.66711717e-05,  9.50369222e-05,  6.40766726e-05,\n",
       "         4.90057092e-05,  4.15791861e-05,  2.24009469e-05,\n",
       "         2.70078872e-05,  7.59578942e-06,  1.22345203e-04,\n",
       "         9.73137963e-05,  4.42220967e-05,  4.80794185e-05,\n",
       "         2.43005374e-06,  4.60456002e-05,  6.36880943e-05,\n",
       "         8.46063936e-05,  6.54217512e-05,  7.06206469e-05,\n",
       "         1.39525657e-05,  6.90758704e-05,  2.70865122e-05,\n",
       "         1.86433588e-05,  4.71679886e-05,  6.64184642e-05,\n",
       "         5.70972507e-05,  1.78907187e-06,  1.42480472e-05],\n",
       "       [ 8.34944521e-05,  7.05451787e-05,  8.86807079e-05,\n",
       "         6.07388249e-05,  1.22921139e-04,  1.03655658e-04,\n",
       "         5.85292099e-05,  6.47056183e-05,  4.19284268e-05,\n",
       "         3.05060471e-05,  1.60588878e-05,  9.73137963e-05,\n",
       "         2.14653690e-04,  4.61201913e-05,  8.94524559e-05,\n",
       "         1.48534149e-05,  7.17858648e-05,  8.37510120e-05,\n",
       "         8.74403991e-05,  9.14437391e-05,  8.94530694e-05,\n",
       "         1.61295716e-05,  1.47793827e-04,  7.45372869e-05,\n",
       "         1.45703307e-05,  5.57755590e-05,  9.93495792e-05,\n",
       "         1.05177728e-04,  2.59102650e-07,  1.82907202e-05],\n",
       "       [ 1.90518696e-05,  6.68912158e-05,  4.12668647e-05,\n",
       "         5.27937836e-05,  7.00494575e-05,  4.17667741e-05,\n",
       "         7.30906713e-05,  4.95474523e-05,  2.50425241e-05,\n",
       "         1.60069835e-05,  2.19262246e-05,  4.42220967e-05,\n",
       "         4.61201913e-05,  1.54118351e-04,  4.49198231e-05,\n",
       "         1.35357668e-05,  3.31301758e-05,  5.76109511e-05,\n",
       "         4.80093977e-05,  4.68094180e-05,  7.08743657e-05,\n",
       "         1.85666571e-05,  4.38853526e-05,  3.06998660e-05,\n",
       "         1.67105064e-05,  3.34540138e-05,  5.14137467e-05,\n",
       "         5.13162534e-05,  2.17789027e-05,  2.73251516e-05],\n",
       "       [ 1.05273455e-04,  6.54438058e-05,  1.89300781e-04,\n",
       "         6.07863283e-05,  1.10106085e-04,  1.33482171e-04,\n",
       "         6.11080752e-05,  8.89847773e-05,  5.87024422e-05,\n",
       "         5.68809828e-05, -4.16332740e-06,  4.80794185e-05,\n",
       "         8.94524559e-05,  4.49198231e-05,  3.53395598e-04,\n",
       "        -3.71730103e-06,  6.51796943e-05,  1.32849086e-04,\n",
       "         3.93478533e-05,  1.30654593e-04,  1.01446081e-04,\n",
       "         5.00686481e-05,  1.11393540e-04,  2.91244733e-04,\n",
       "         2.59460802e-05,  7.91761224e-05,  2.09813506e-04,\n",
       "         2.77812956e-04, -1.48407498e-05,  4.82225628e-06],\n",
       "       [ 3.53828789e-06,  5.77132410e-06,  5.65719328e-06,\n",
       "        -2.64610730e-06,  1.48768657e-05, -2.98717111e-05,\n",
       "         7.84796359e-06,  2.37275612e-05,  2.30307811e-05,\n",
       "        -2.95897466e-06,  1.02177033e-04,  2.43005374e-06,\n",
       "         1.48534149e-05,  1.35357668e-05, -3.71730103e-06,\n",
       "         2.52476586e-04,  1.03534196e-05,  2.39101955e-05,\n",
       "         1.06875913e-05,  1.40579474e-06, -4.19114351e-07,\n",
       "         8.23210097e-06, -5.58548313e-06,  1.38730244e-05,\n",
       "         2.09046817e-05,  2.21913186e-05,  4.09217888e-06,\n",
       "         2.41463503e-05,  8.78619708e-05,  5.00101130e-05],\n",
       "       [ 5.21166436e-05,  4.77330970e-05,  6.86410129e-05,\n",
       "         3.14906854e-05,  7.00776654e-05,  9.25633912e-05,\n",
       "         3.77625288e-05,  4.80159684e-05,  3.91925665e-05,\n",
       "         3.40851776e-05,  2.00882591e-05,  4.60456002e-05,\n",
       "         7.17858648e-05,  3.31301758e-05,  6.51796943e-05,\n",
       "         1.03534196e-05,  1.73268112e-04,  7.08414383e-05,\n",
       "         5.44969898e-05,  6.56913698e-05,  5.51717525e-05,\n",
       "         3.47821036e-05,  7.88599421e-05,  9.16523423e-05,\n",
